7.739057540893554688e-01
7.964183092117309570e-01
7.928460240364074707e-01
8.288029432296752930e-01
8.288943767547607422e-01
8.510778546333312988e-01
8.757229447364807129e-01
9.132380485534667969e-01
9.364656805992126465e-01
9.383914470672607422e-01
1.001322388648986816e+00
1.018718481063842773e+00
1.067779541015625000e+00
1.092483878135681152e+00
1.112874865531921387e+00
1.160968184471130371e+00
1.205897450447082520e+00
1.261795520782470703e+00
1.303069710731506348e+00
1.369575619697570801e+00
1.441788077354431152e+00
1.470567584037780762e+00
1.468275666236877441e+00
1.466065287590026855e+00
1.424640417098999023e+00
1.443413853645324707e+00
1.437849164009094238e+00
1.440091967582702637e+00
1.414213657379150391e+00
1.426298856735229492e+00
1.410444378852844238e+00
1.400320768356323242e+00
1.401043295860290527e+00
1.411491632461547852e+00
1.408154606819152832e+00
1.382659673690795898e+00
1.388251185417175293e+00
1.380556941032409668e+00
1.723671793937683105e+00
2.870170593261718750e+00
2.870257139205932617e+00
2.863752603530883789e+00
2.862841844558715820e+00
2.857442378997802734e+00
2.878413915634155273e+00
2.865155935287475586e+00
2.847424030303955078e+00
2.864229917526245117e+00
2.879973411560058594e+00
2.883528709411621094e+00
2.904489278793334961e+00
2.877126455307006836e+00
2.921904563903808594e+00
2.918742656707763672e+00
2.930988311767578125e+00
2.955509424209594727e+00
2.958561897277832031e+00
2.969239473342895508e+00
2.997163772583007812e+00
3.021249055862426758e+00
3.035972595214843750e+00
3.052334785461425781e+00
3.077278137207031250e+00
2.950642347335815430e+00
2.825616359710693359e+00
2.715319156646728516e+00
2.637903213500976562e+00
2.543590545654296875e+00
2.429063558578491211e+00
2.368031024932861328e+00
2.304005861282348633e+00
2.219323158264160156e+00
2.169604301452636719e+00
2.112271070480346680e+00
2.049549579620361328e+00
2.002528667449951172e+00
1.948683023452758789e+00
1.897929668426513672e+00
1.859164476394653320e+00
1.823500633239746094e+00
1.773103713989257812e+00
1.757662057876586914e+00
1.702697634696960449e+00
1.660579323768615723e+00
1.628674983978271484e+00
1.612424731254577637e+00
1.583378195762634277e+00
1.548617720603942871e+00
1.551911234855651855e+00
1.508197069168090820e+00
1.485693573951721191e+00
1.468008160591125488e+00
1.436856746673583984e+00
1.437442064285278320e+00
1.395002245903015137e+00
1.379156827926635742e+00
1.386364817619323730e+00
1.364969372749328613e+00
1.347457289695739746e+00
1.324075579643249512e+00
1.309810161590576172e+00
1.313462376594543457e+00
1.286340951919555664e+00
1.288272142410278320e+00
1.276820659637451172e+00
1.247903108596801758e+00
1.229120850563049316e+00
1.225321888923645020e+00
1.225691318511962891e+00
1.211695313453674316e+00
1.204280018806457520e+00
1.215081214904785156e+00
1.175472021102905273e+00
1.192216277122497559e+00
1.172862410545349121e+00
1.189077615737915039e+00
1.179020524024963379e+00
1.147088527679443359e+00
1.167946338653564453e+00
1.135578989982604980e+00
1.139484047889709473e+00
1.156168341636657715e+00
1.155484318733215332e+00
1.126742839813232422e+00
1.152469635009765625e+00
1.140933752059936523e+00
1.131268143653869629e+00
1.137731194496154785e+00
1.119710206985473633e+00
1.123429417610168457e+00
1.115280866622924805e+00
1.133630394935607910e+00
1.117237329483032227e+00
1.126440644264221191e+00
1.120235204696655273e+00
1.135961771011352539e+00
1.147478461265563965e+00
1.117143273353576660e+00
1.125912547111511230e+00
1.139382958412170410e+00
1.140998363494873047e+00
1.154746651649475098e+00
1.144425034523010254e+00
1.168401479721069336e+00
1.162777423858642578e+00
1.166344523429870605e+00
1.172042131423950195e+00
1.104742765426635742e+00
1.045705676078796387e+00
9.905778765678405762e-01
9.546902179718017578e-01
8.929529786109924316e-01
8.668745160102844238e-01
8.431086540222167969e-01
8.086896538734436035e-01
7.790450453758239746e-01
7.453402876853942871e-01
7.173596024513244629e-01
7.043267488479614258e-01
6.760892271995544434e-01
6.432743668556213379e-01
6.063044071197509766e-01
6.198493242263793945e-01
5.985627174377441406e-01
5.843313932418823242e-01
5.766013860702514648e-01
5.662185549736022949e-01
5.417317152023315430e-01
5.442050695419311523e-01
5.204139947891235352e-01
5.177082419395446777e-01
4.860932528972625732e-01
4.873028695583343506e-01
4.823782145977020264e-01
4.724188148975372314e-01
4.554651677608489990e-01
4.618476629257202148e-01
4.502179324626922607e-01
4.488602578639984131e-01
4.377589225769042969e-01
4.165942668914794922e-01
4.268631935119628906e-01
4.195708632469177246e-01
3.975429236888885498e-01
4.025953114032745361e-01
4.136064052581787109e-01
3.859625160694122314e-01
3.840186893939971924e-01
3.927184641361236572e-01
3.803381025791168213e-01
3.976248502731323242e-01
3.692564070224761963e-01
3.887791335582733154e-01
3.670451641082763672e-01
3.444203734397888184e-01
3.638066351413726807e-01
3.584841191768646240e-01
3.725265562534332275e-01
3.651833534240722656e-01
3.552534580230712891e-01
3.534975051879882812e-01
3.431279361248016357e-01
3.590044379234313965e-01
3.436124622821807861e-01
3.496073782444000244e-01
3.512581586837768555e-01
3.361370265483856201e-01
3.434091806411743164e-01
3.309953808784484863e-01
3.317181766033172607e-01
3.427668809890747070e-01
3.398244678974151611e-01
3.463214039802551270e-01
3.316618204116821289e-01
3.491636514663696289e-01
3.232613503932952881e-01
3.238692581653594971e-01
3.335248231887817383e-01
3.305847644805908203e-01
3.301231861114501953e-01
3.131473660469055176e-01
3.275377452373504639e-01
3.209287822246551514e-01
3.338642418384552002e-01
3.349802196025848389e-01
3.096199929714202881e-01
3.326999545097351074e-01
3.412519991397857666e-01
3.265754878520965576e-01
3.343805372714996338e-01
3.345902264118194580e-01
3.294781446456909180e-01
3.284823298454284668e-01
3.212095797061920166e-01
3.404396474361419678e-01
3.474781513214111328e-01
3.294920623302459717e-01
3.513333201408386230e-01
3.396832048892974854e-01
3.655118048191070557e-01
3.317480683326721191e-01
3.732577860355377197e-01
3.434817492961883545e-01
3.669982850551605225e-01
3.627575337886810303e-01
3.587187528610229492e-01
3.609761893749237061e-01
3.703440129756927490e-01
3.810599148273468018e-01
3.774165809154510498e-01
3.768413662910461426e-01
3.906894028186798096e-01
3.936516344547271729e-01
3.958621025085449219e-01
3.968728184700012207e-01
3.898093104362487793e-01
4.098045527935028076e-01
4.065327346324920654e-01
4.171354174613952637e-01
4.258936345577239990e-01
4.354979693889617920e-01
4.296403527259826660e-01
4.496160149574279785e-01
4.507458209991455078e-01
4.609588682651519775e-01
4.504584670066833496e-01
4.842797517776489258e-01
4.725565314292907715e-01
4.838277399539947510e-01
4.822452068328857422e-01
5.058621764183044434e-01
5.165011286735534668e-01
5.240513682365417480e-01
5.383264422416687012e-01
5.583975911140441895e-01
5.918026566505432129e-01
5.931302309036254883e-01
5.989008545875549316e-01
5.845086574554443359e-01
5.785211324691772461e-01
5.505797266960144043e-01
5.684892535209655762e-01
5.589924454689025879e-01
5.468026399612426758e-01
5.438135266304016113e-01
5.428923368453979492e-01
5.399273037910461426e-01
5.543165802955627441e-01
5.469968318939208984e-01
5.384465456008911133e-01
5.359230637550354004e-01
5.169586539268493652e-01
5.237868428230285645e-01
5.248690247535705566e-01
5.240756273269653320e-01
5.284264087677001953e-01
5.265334844589233398e-01
5.050799250602722168e-01
5.205768346786499023e-01
5.032964944839477539e-01
5.081090331077575684e-01
5.112651586532592773e-01
5.239118337631225586e-01
4.925042986869812012e-01
5.107961297035217285e-01
4.993776381015777588e-01
5.115663409233093262e-01
4.884217381477355957e-01
4.915892779827117920e-01
4.929609596729278564e-01
4.891093373298645020e-01
4.930983781814575195e-01
5.046585798263549805e-01
4.944781363010406494e-01
5.049510598182678223e-01
4.856928884983062744e-01
5.184278488159179688e-01
5.083436369895935059e-01
5.225527882575988770e-01
5.041810870170593262e-01
5.114218592643737793e-01
5.163251757621765137e-01
5.090204477310180664e-01
5.199722051620483398e-01
5.413946509361267090e-01
5.175726413726806641e-01
4.994482994079589844e-01
5.331308245658874512e-01
5.353215336799621582e-01
5.318000912666320801e-01
5.311346054077148438e-01
5.236058831214904785e-01
5.559404492378234863e-01
5.506314039230346680e-01
5.461882352828979492e-01
5.576220750808715820e-01
5.370830297470092773e-01
5.675770044326782227e-01
5.771040916442871094e-01
5.822262167930603027e-01
5.878314971923828125e-01
5.992445349693298340e-01
5.975056886672973633e-01
5.938889384269714355e-01
6.009024381637573242e-01
6.176044344902038574e-01
6.084886193275451660e-01
6.278063058853149414e-01
6.538050770759582520e-01
6.596053242683410645e-01
6.519938707351684570e-01
6.525619029998779297e-01
6.814121007919311523e-01
6.822461485862731934e-01
7.095937132835388184e-01
7.014154195785522461e-01
7.091321349143981934e-01
7.441631555557250977e-01
7.657010555267333984e-01
7.461042404174804688e-01
